[LEFT_CAM_2K]
fx=1398.68
fy=1398.68
cx=1149.56
cy=571.019
k1=-0.168727
k2=0.0223186

[RIGHT_CAM_2K]
fx=1402.13
fy=1402.13
cx=1083.97
cy=647.222
k1=-0.169369
k2=0.0227477

[LEFT_CAM_FHD]
fx=1398.68
fy=1398.68
cx=1005.56
cy=490.019
k1=-0.168727
k2=0.0223186

[RIGHT_CAM_FHD]
fx=1402.13
fy=1402.13
cx=939.968
cy=566.222
k1=-0.169369
k2=0.0227477

[LEFT_CAM_HD]
fx=699.34
fy=699.34
cx=661.28
cy=333.51
k1=-0.168727
k2=0.0223186

[RIGHT_CAM_HD]
fx=701.067
fy=701.067
cx=628.484
cy=371.611
k1=-0.169369
k2=0.0227477

[LEFT_CAM_VGA]
fx=349.67
fy=349.67
cx=346.14
cy=174.255
k1=-0.168727
k2=0.0223186

[RIGHT_CAM_VGA]
fx=350.533
fy=350.533
cx=329.742
cy=193.306
k1=-0.169369
k2=0.0227477

[STEREO]
Baseline=120
CV_2K=0.00769218
CV_FHD=0.00769218
CV_HD=0.00769218
CV_VGA=0.00769218
RX_2K=0.00637149
RX_FHD=0.00637149
RX_HD=0.00637149
RX_VGA=0.00637149
RZ_2K=0.00048565
RZ_FHD=0.00048565
RZ_HD=0.00048565
RZ_VGA=0.00048565



